%YAML:1.0
---
keypoints:
   - [ 86.170867919921875, 895.7071533203125, 2.6036002635955811,
       332.11929321289062, 0.045405488461256027, 10158847, -1 ]
   - [ 644.08062744140625, 920.8927001953125, 2.2048978805541992,
       355.40371704101562, 0.043143410235643387, 14811647, -1 ]
   - [ 644.2664794921875, 787.45928955078125, 3.2439002990722656,
       95.62408447265625, 0.058869700878858566, 9372671, -1 ]
   - [ 616.37518310546875, 990.93487548828125, 4.0066471099853516,
       2.06549072265625, 0.052381556481122971, 7930112, -1 ]
   - [ 644.4490966796875, 690.50189208984375, 2.8734524250030518,
       96.25128173828125, 0.04577641561627388, 590847, -1 ]
   - [ 645.72552490234375, 821.22125244140625, 2.5141701698303223,
       9.4656982421875, 0.049841597676277161, 7602943, -1 ]
   - [ 645.72552490234375, 821.22125244140625, 2.5141701698303223,
       234.15547180175781, 0.049841597676277161, 7602943, -1 ]
   - [ 559.366943359375, 350.16488647460938, 3.4915940761566162,
       338.15713500976562, 0.044905439019203186, 14681087, -1 ]
   - [ 646.3360595703125, 896.29339599609375, 2.6125378608703613,
       119.60513305664062, 0.071363449096679688, 10420991, -1 ]
   - [ 616.00079345703125, 996.09552001953125, 2.8295669555664062,
       350.79248046875, 0.065919116139411926, 16188159, -1 ]
   - [ 646.3360595703125, 896.29339599609375, 2.6125378608703613,
       323.71649169921875, 0.071363449096679688, 10420991, -1 ]
   - [ 76.667930603027344, 757.30999755859375, 2.6219146251678467,
       65.757843017578125, 0.045019429177045822, 10683135, -1 ]
   - [ 560.0926513671875, 486.53375244140625, 2.3317713737487793,
       156.09317016601562, 0.063236117362976074, 2163455, -1 ]
   - [ 76.5267333984375, 641.49346923828125, 2.709345817565918,
       250.01370239257812, 0.05064232274889946, 13042431, -1 ]
   - [ 84.979446411132812, 953.22802734375, 2.5107038021087646,
       199.31718444824219, 0.071969114243984222, 7537407, -1 ]
   - [ 76.29644775390625, 898.542236328125, 2.5439250469207764,
       338.93954467773438, 0.048214737325906754, 8454911, -1 ]
   - [ 75.905860900878906, 986.127197265625, 2.7952990531921387,
       356.54205322265625, 0.078125335276126862, 15270655, -1 ]
   - [ 560.0926513671875, 486.53375244140625, 2.3317713737487793,
       355.34963989257812, 0.063236117362976074, 2163455, -1 ]
   - [ 3.89935302734375, 722.16961669921875, 3.0749602317810059,
       42.550018310546875, 0.072541937232017517, 5506047, -1 ]
   - [ 560.28875732421875, 596.68768310546875, 2.5134034156799316,
       226.66064453125, 0.069401182234287262, 7602943, -1 ]
   - [ 4.2638339996337891, 803.55743408203125, 2.6252515316009521,
       175.88182067871094, 0.043952208012342453, 10748671, -1 ]
   - [ 560.31463623046875, 419.55270385742188, 2.2078380584716797,
       129.07073974609375, 0.06077256053686142, 14942719, -1 ]
   - [ 562.21575927734375, 628.701904296875, 2.8659837245941162,
       349.39694213867188, 0.058948315680027008, 394239, -1 ]
   - [ 50.986259460449219, 582.00634765625, 2.791900634765625,
       1.500213623046875, 0.052001874893903732, 15205119, -1 ]
   - [ 75.905860900878906, 986.127197265625, 2.7952990531921387,
       328.8292236328125, 0.078125335276126862, 15270655, -1 ]
   - [ 66.254745483398438, 715.24420166015625, 2.6633486747741699,
       64.231292724609375, 0.057928390800952911, 11797247, -1 ]
   - [ 120.31108093261719, 135.77471923828125, 2.73038649559021,
       236.92547607421875, 0.055586870759725571, 13566719, -1 ]
   - [ 120.31108093261719, 135.77471923828125, 2.73038649559021,
       52.568939208984375, 0.055586870759725571, 13566719, -1 ]
   - [ 123.91545104980469, 183.01679992675781, 2.6514430046081543,
       15.18524169921875, 0.044938083738088608, 11469567, -1 ]
   - [ 123.91545104980469, 183.01679992675781, 2.6514430046081543,
       179.9761962890625, 0.044938083738088608, 11469567, -1 ]
   - [ 530.9674072265625, 103.55990600585938, 7.0483841896057129,
       268.23309326171875, 0.045024476945400238, 15336192, -1 ]
   - [ 615.1505126953125, 824.96063232421875, 4.4676575660705566,
       190.29611206054688, 0.047197982668876648, 15794432, -1 ]
   - [ 125.13609313964844, 126.82013702392578, 2.831423282623291,
       337.13961791992188, 0.050415672361850739, 16188159, -1 ]
   - [ 119.89441680908203, 639.18463134765625, 3.2585415840148926,
       212.52841186523438, 0.091535866260528564, 9700351, -1 ]
   - [ 5.5036611557006836, 911.7623291015625, 2.0903494358062744,
       68.8841552734375, 0.048811178654432297, 11010559, -1 ]
   - [ 614.884765625, 857.052978515625, 2.1946673393249512,
       270.57232666015625, 0.054772734642028809, 14483967, -1 ]
   - [ 614.884765625, 857.052978515625, 2.1946673393249512,
       134.67550659179688, 0.054772734642028809, 14483967, -1 ]
   - [ 614.7061767578125, 980.2974853515625, 3.4776813983917236,
       0.9989013671875, 0.082955293357372284, 14353407, -1 ]
   - [ 112.36848449707031, 713.81842041015625, 3.228424072265625,
       200.62893676757812, 0.069405309855937958, 8979455, -1 ]
   - [ 118.8929443359375, 356.60614013671875, 3.1068375110626221,
       304.76153564453125, 0.049348089843988419, 6226943, -1 ]
   - [ 118.3267822265625, 105.20830535888672, 7.3146967887878418,
       247.98057556152344, 0.060312218964099884, 1310977, -1 ]
   - [ 531.30181884765625, 309.06436157226562, 3.1443214416503906,
       169.48025512695312, 0.065394759178161621, 7078911, -1 ]
   - [ 73.373275756835938, 522.85009765625, 3.024324893951416,
       63.943084716796875, 0.059786174446344376, 4260863, -1 ]
   - [ 127.96347808837891, 536.60491943359375, 2.6243817806243896,
       99.579071044921875, 0.048284020274877548, 10748671, -1 ]
   - [ 127.96347808837891, 536.60491943359375, 2.6243817806243896,
       303.81692504882812, 0.048284020274877548, 10748671, -1 ]
   - [ 117.37550354003906, 668.87744140625, 2.4062678813934326,
       205.71804809570312, 0.052408434450626373, 4457215, -1 ]
   - [ 532.65765380859375, 155.30357360839844, 2.7808406352996826,
       119.0147705078125, 0.044801771640777588, 14942975, -1 ]
   - [ 117.37550354003906, 668.87744140625, 2.4062678813934326,
       161.46487426757812, 0.052408434450626373, 4457215, -1 ]
   - [ 117.33715057373047, 168.01712036132812, 2.8063974380493164,
       158.58055114746094, 0.043153759092092514, 15598335, -1 ]
   - [ 72.857666015625, 881.37359619140625, 2.2874429225921631,
       246.92535400390625, 0.048065323382616043, 787199, -1 ]
   - [ 72.857666015625, 881.37359619140625, 2.2874429225921631,
       90.219482421875, 0.048065323382616043, 787199, -1 ]
   - [ 117.33715057373047, 168.01712036132812, 2.8063974380493164,
       102.1612548828125, 0.043153759092092514, 15598335, -1 ]
   - [ 128.19783020019531, 369.86138916015625, 2.6426701545715332,
       239.74330139160156, 0.064427711069583893, 11207423, -1 ]
   - [ 532.65765380859375, 155.30357360839844, 2.7808406352996826,
       274.20010375976562, 0.044801771640777588, 14942975, -1 ]
   - [ 128.19783020019531, 369.86138916015625, 2.6426701545715332,
       265.83554077148438, 0.064427711069583893, 11207423, -1 ]
   - [ 131.93663024902344, 524.42364501953125, 3.5478599071502686,
       188.18402099609375, 0.052962943911552429, 15795199, -1 ]
   - [ 563.45263671875, 646.02667236328125, 2.2382586002349854,
       12.389678955078125, 0.060019146651029587, 15925759, -1 ]
   - [ 132.07969665527344, 470.98617553710938, 3.0498628616333008,
       62.082305908203125, 0.080143198370933533, 4850687, -1 ]
   - [ 6.7034516334533691, 927.24298095703125, 2.9790246486663818,
       9.70123291015625, 0.067617639899253845, 3212287, -1 ]
   - [ 6.7034516334533691, 927.24298095703125, 2.9790246486663818,
       39.27740478515625, 0.067617639899253845, 3212287, -1 ]
   - [ 85.818428039550781, 923.49505615234375, 3.4509186744689941,
       196.91357421875, 0.059605121612548828, 13829119, -1 ]
   - [ 101.97621917724609, 137.90078735351562, 3.0329406261444092,
